Major during first year,Undeclared/no major,Humanities,Social/behavioral sciences,Life sciences,Physical sciences,Math,Computer/information science,Engineering,Education,Business/management,Health,Vocational/technical,Other technical/professional
    Total,26.2736,10.8572,5.0918,4.0071,0.6106,0.4397,1.9925,6.8236,5.2198,12.7687,9.322,3.4735,13.1198
 ,,,,,,,,,,,,,
Major when last enrolled 1998 (12 cat),,,,,,,,,,,,,
  {Not reached},32.1805,10.7608,3.8696,6.9936,0,2.1844,0.1687,6.7287,4.5085,8.5944,7.0918,0.4456,16.4735
  Undeclared/no major,49.6905,11.5957,8.061,0.7301,1.0171,0,0.0742,7.9647,1.3736,7.9725,4.7302,0.03,6.7603
  Humanities,27.6808,40.1559,3.518,2.8345,0.2951,0.3302,0.2414,2.46,5.0546,5.2154,1.7977,0.0891,10.3274
  Social/behavioral sciences,35.8175,9.9782,30.9708,4.3801,0.2902,0.2674,1.3594,0.6338,3.9869,3.9351,3.4614,0.025,4.8943
  Life sciences,26.2122,9.4415,1.9054,39.2418,2.6907,0.1346,0,2.0402,0.8767,3.5058,11.4426,0,2.5085
  Physical sciences,45.4945,2.5986,5.1404,12.4821,21.1342,0.4098,0,5.7567,1.9871,1.3586,1.828,0.5969,1.2132
  Mathematics,19.8706,10.7182,11.4395,5.9554,3.4365,10.2318,0,7.5583,3.768,13.6391,8.8766,0,4.5061
  Computer/information science,31.0381,6.5714,1.5324,2.2741,0.1664,2.1118,26.8314,8.9108,0.6329,14.4498,1.1551,0.6459,3.6799
  Engineering,16.9772,8.1798,0.0553,1.0704,0.6295,0.1037,0.8095,62.8286,0.6511,2.0385,0.8624,1.7754,4.0187
  Education,22.9931,11.6811,4.8228,1.8028,0.0995,0.8757,0.8006,0.4304,42.0583,2.0211,3.5999,0,8.8147
  Business/management,26.7368,5.0917,1.8735,1.5782,0.4038,0.3605,1.8413,3.6388,1.7324,46.8823,5.1264,0.5643,4.17
  Health,21.9002,5.6959,2.0111,4.6449,0.4222,0.0613,0,0.8818,5.9598,4.1545,49.4599,0.1515,4.6568
  Vocational/technical,12.8966,7.0776,1.7156,1.505,0,0,0.6584,9.5727,1.2357,4.7981,1.1639,34.6084,24.768
  Other technical/professional,21.5533,7.2605,2.328,2.1351,0.0714,0.0938,0.6578,1.0099,1.3632,7.6922,7.5469,0.1209,48.1672
  Uncodeable,32.4612,13.6668,4.3322,2.2536,2.2578,0,1.0483,5.4206,4.9202,11.0878,5.2856,9.5417,7.7243
 ,,,,,,,,,,,,,
Major when last enrolled,,,,,,,,,,,,,
  Undeclared or no major,100,0,0,0,0,0,0,0,0,0,0,0,0
  Humanities,25.0045,46.157,2.6865,2.7135,0.2955,0.15,0.5828,1.6226,2.74,4.8054,2.9343,0.1953,10.1127
  Social/behavioral sciences,35.2612,8.9598,28.2124,4.1672,0.2738,0.4253,1.0739,0.9381,5.4563,4.2242,4.0815,0.0194,6.9069
  Life sciences,29.1229,9.9606,1.866,36.5923,2.2814,0.125,0.2187,1.9767,1.186,6.6817,8.3571,0,1.6314
  Physical sciences,39.9252,2.3579,6.3086,8.3412,27.117,1.1647,0,6.2999,0,1.2583,6.4996,0,0.7276
  Mathematics,14.991,3.0343,0.9126,6.5423,2.9948,28.7733,0,12.5281,2.3186,14.518,3.2225,0,10.1645
  Computer/information science,30.8343,9.1087,1.1151,3.4191,0.481,0.3639,24.2695,9.1716,0.8786,13.044,1.9138,2.0938,3.3066
  Engineering,14.5837,7.5261,1.8329,1.2207,0.492,1.1412,0.6319,66.4264,0.6276,1.6973,0.8002,1.1403,1.8798
  Education,21.281,13.1741,3.765,1.8905,0.0833,0.31,0,1.9436,39.1087,5.0399,4.3308,0,9.0731
  Business/management,23.6814,5.0969,1.8326,1.7994,0.3409,0.1844,2.1572,3.4307,2.0914,49.6904,4.1912,1.0177,4.4857
  Health,18.3621,3.8849,2.5902,3.8722,0.1973,0,0.0405,1.2039,5.761,2.714,55.6859,0.5368,5.1512
  Vocational/technical,11.2856,4.7943,3.5317,0.971,0,0.0372,0.5113,7.3039,0.9872,4.4127,1.037,44.8369,20.2912
  Other technical/professional,15.6206,6.8757,2.2037,1.5945,0.0589,0.1382,0.7683,1.3054,1.0607,5.792,6.9779,0.0137,57.5902
 ,,,,,,,,,,,,,
Time of entry to STEM field,,,,,,,,,,,,,
  Early entry (beginning PSE with a STEM major),0,0,21.0898,19.488,3.6427,2.623,11.8868,35.0615,0,1.3232,0,0,4.885
  Late entry,49.815,15.8773,1.9964,2.1256,0,0,0,1.5223,3.8457,9.5433,7.2833,1.0494,6.9418
  Non-STEM major/no major/not in a degree program,27.2914,12.3801,1.8407,0.6003,0,0,0,1.0471,6.8388,16.3684,12.1161,4.9043,16.6129
 ,,,,,,,,,,,,,
Major field of study with a focus on STEM fields thru 2001,,,,,,,,,,,,,
  Math/Computer/Sciences/Engineering/Technologies,20.2895,6.2634,0.6106,14.6001,2.6872,1.8962,8.9761,27.9376,0.8645,5.7857,3.7082,0.7569,5.6242
  Social/behavioral sciences,33.3716,11.1498,35.7065,0.753,0,0,0,0,4.0479,4.7659,3.5085,0.0212,6.6756
  Both areas,16.4913,4.5536,17.0624,37.0563,2.9654,2.9709,5.2032,7.8067,1.8225,0.467,0,0,3.6008
  Non-STEM field,21.7672,13.3207,1.9805,0.6459,0,0,0,1.1266,7.3584,17.612,13.0367,5.2769,17.8751
  Undeclared or not in a degree program,100,0,0,0,0,0,0,0,0,0,0,0,0
 ,,,,,,,,,,,,,
Ever majored in biological/agricultural sciences thru 2001,,,,,,,,,,,,,
  No,26.8843,11.279,5.4035,0.7123,0.5328,0.4644,2.1259,7.2577,5.5219,13.5027,9.4245,3.7361,13.1549
  Yes,18.1971,5.2793,0.9698,47.5818,1.6397,0.1129,0.2279,1.0832,1.2246,3.0604,7.967,0,12.6561
 ,,,,,,,,,,,,,
Ever majored in computer/information sciences thru 2001,,,,,,,,,,,,,
  No,26.2485,11.0253,5.362,4.0949,0.6262,0.3775,0,6.7746,5.5248,12.7445,9.8489,3.5766,13.7962
  Yes,26.6402,8.4024,1.1454,2.7249,0.3834,1.3484,31.0943,7.5398,0.7646,13.1217,1.6265,1.968,3.2404
 ,,,,,,,,,,,,,
Ever majored in engineering/related technologies thru 2001,,,,,,,,,,,,,
  No,27.5268,11.3395,5.4524,4.2731,0.6208,0.3989,2.1179,0.9069,5.6498,13.7891,10.1027,3.7512,14.0708
  Yes,12.3488,5.4982,1.085,1.0511,0.4966,0.8928,0.5986,72.569,0.4411,1.4302,0.6477,0.3879,2.553
 ,,,,,,,,,,,,,
Ever majored in math thru 2001,,,,,,,,,,,,,
  No,26.4243,10.9081,5.0647,4.0111,0.5926,0,2.0163,6.8212,5.2493,12.8209,9.3681,3.515,13.2085
  Yes,13.6754,6.6063,7.363,3.6707,2.1181,37.2042,0,7.0291,2.7525,8.4066,5.4712,0,5.7029
 ,,,,,,,,,,,,,
Ever majored in physical science thru 2001,,,,,,,,,,,,,
  No,26.207,10.9918,5.1059,3.9315,0,0.4346,2.0229,6.8507,5.2809,12.9508,9.3943,3.5209,13.3086
  Yes,30.6397,2.0354,4.1672,8.9619,40.6389,0.7694,0,5.0472,1.2157,0.8312,4.5861,0.3652,0.7422
 ,,,,,,,,,,,,,
Ever majored in science/related technologies thru 2001,,,,,,,,,,,,,
  No,26.7658,11.3951,5.4068,0.7155,0,0.4579,2.1541,7.2797,5.5751,13.668,9.4813,3.7796,13.3211
  Yes,20.7965,4.8719,1.5862,40.6373,7.4054,0.2365,0.1943,1.7488,1.2656,2.7607,7.5501,0.0665,10.8801
 ,,,,,,,,,,,,,
Ever majored in social/behavioral sciences thru 2001,,,,,,,,,,,,,
  No,25.592,10.8955,1.5421,3.9982,0.6522,0.4602,2.1786,7.5737,5.3887,13.7998,10.0754,3.8977,13.9458
  Yes,31.8247,10.5454,33.998,4.0797,0.2717,0.2722,0.4768,0.7154,3.844,4.3719,3.187,0.0193,6.3939
 ,,,,,,,,,,,,,
Persistence and attainment 5-year total,,,,,,,,,,,,,
"  Attained, still enrolled",25.7912,11.2865,6.3482,3.5714,0.7192,0.4433,1.417,9.5452,8.2228,10.4461,10.0511,0.5667,11.5913
"  Attained, not enrolled",23.4808,9.4353,5.0398,4.972,0.7544,0.4583,1.8468,6.5976,5.194,13.6599,9.3231,3.6792,15.5589
"  Never attained, still enrolled",30.4243,12.0643,6.1067,5.6484,0.6925,0.25,2.1449,7.6067,5.4873,10.7118,8.9497,1.1231,8.7903
"  Never attained, not enrolled",27.1117,11.5084,4.1318,2.3433,0.3861,0.5188,2.2677,5.6274,3.9401,13.837,9.2471,5.5697,13.511
 ,,,,,,,,,,,,,
Persistence at any institution through 2001,,,,,,,,,,,,,
"  Attained, still enrolled",31.9749,12.0693,3.9048,1.7834,0.2421,0.1972,0.6035,7.9725,5.0695,8.5966,11.2982,2.7261,13.5618
"  Attained, not enrolled",23.8695,9.7767,5.7406,5.0039,0.7584,0.4889,2.0042,7.4222,6.1083,13.1459,9.0175,2.83,13.834
"  Never attained, still enrolled",31.752,12.1933,5.4931,6.0709,0.805,0.2359,1.7953,7.4565,5.0509,10.6494,8.5039,0.7819,9.212
"  Never attained, not enrolled",26.2228,11.553,4.2354,2.1733,0.3963,0.5028,2.2988,5.5408,4.0654,13.92,9.733,5.6127,13.7458
 ,,,,,,,,,,,,,
Persistence and attainment 95-96 (F98),,,,,,,,,,,,,
  Enrll at least one month and attained,17.1989,0.1075,0.2984,0,0,0,2.9974,9.2138,1.9913,13.6376,13.4395,7.6495,33.4662
"  Enrll 8 mos, no degree, enrolled f",27.5989,11.0618,6.7126,5.6076,0.8256,0.5707,2.0037,7.9369,6.0255,11.2781,8.5999,1.8437,9.935
"  Enrolled 8 months, no degree, no fall",19.6405,10.7049,4.2904,4.4117,0.249,0.0981,0.7525,5.9198,4.9787,14.6055,13.3334,4.3472,16.6683
"  Enrolled <8 months, no degree, enr fall",24.6212,13.7258,4.7407,2.0634,0.2779,0.0171,1.8318,7.3108,5.284,15.0257,7.6019,2.3331,15.1666
"  Enrolled <8 months, no degree, no fall",28.6952,9.1932,1.4614,1.0271,0.2012,0.6806,2.5361,3.5367,2.599,14.5592,9.2704,8.9769,17.2631
 ,,,,,,,,,,,,,
Persistence and attainment 96-97 (F98),,,,,,,,,,,,,
  Did not enroll during academic year,25.4532,9.3642,2.0235,1.7818,0.1699,0.5411,2.3,4.4887,2.9401,14.313,10.9754,8.2721,17.3772
  Enrll at least one month and attained,8.8494,6.3773,1.467,1.8168,0.1745,0,2.5634,8.8632,1.9452,17.9816,12.1701,9.17,28.6217
"  Enrll 8 mos, no degree, enrolled fall",30.0856,11.882,6.5319,5.5297,0.8395,0.5144,1.8913,7.6696,6.8588,11.5196,7.6872,0.9443,8.0461
"  Enrolled 8 months, no degree, no fall",21.7482,10.9466,5.5402,2.5219,0.6032,0.0914,3.1196,6.433,5.0249,14.6248,8.4486,3.0995,17.7981
"  Enrolled <8 months, no degree, enr fall",23.3289,9.4444,9.9413,7.4081,0.5836,0,0.523,8.9341,4.5377,8.2512,13.1741,1.4133,12.4605
"  Enrolled <8 months, no degree, no fall",26.529,12.2084,5.6238,2.1011,0.1373,0.7424,0.7363,7.0911,3.1007,11.6442,9.0714,2.5259,18.4883
 ,,,,,,,,,,,,,
Persistence and attainment 97-98 (F98),,,,,,,,,,,,,
  Did not enroll during academic year,21.8978,8.7346,2.8058,1.5909,0.2308,0.3259,2.4573,6.4774,2.2116,15.0806,9.9619,8.1416,20.0837
  Enrll at least one month and attained,12.5625,11.4888,5.6721,2.6265,0.6108,0,1.3218,11.263,7.6802,12.1431,8.0793,4.2809,22.2708
"  Enrolled 8 months, no degree",31.2508,11.6342,6.1955,6.0976,0.8196,0.5244,1.7504,7.075,6.4698,11.7935,8.2883,0.6499,7.451
"  Enrolled <8 months, no degree",23.0161,12.6158,7.0538,2.4009,0.338,0.6976,1.9491,5.805,6.7627,10.0596,11.3462,2.2418,15.7134
 ,,,,,,,,,,,,,
Track exit(1st) month-intensity thru 01,,,,,,,,,,,,,
  Never left persistence track,25.4268,10.2112,6.1022,5.2286,0.8223,0.5255,1.9768,7.3613,6.2567,12.8244,8.5215,2.5793,12.1635
  Full-time,21.6987,10.2569,4.3903,4.0722,0.3286,0.6047,1.9435,6.9086,3.7225,13.462,10.4887,4.8082,17.315
  Part-time,36.3333,13.5825,2.2798,0.9819,0.2706,0.3203,2.1057,4.8633,2.6023,12.1344,7.5451,5.5628,11.4181
  Mixed,27.5617,11.3737,6.0392,3.128,0.8204,0,2.0235,6.3186,7.272,12.1523,11.2891,1.7732,10.2481
  Intensity unknown,NaN,NaN,NaN,NaN,NaN,NaN,NaN,NaN,NaN,NaN,NaN,NaN,NaN
 ,,,,,,,,,,,,,
Track exit(1st) year 2001,,,,,,,,,,,,,
  Never left persistence track,25.4268,10.2112,6.1022,5.2286,0.8223,0.5255,1.9768,7.3613,6.2567,12.8244,8.5215,2.5793,12.1635
  Academic year 1995-1996,27.2189,11.2207,3.0954,2.7449,0.2401,0.4144,1.9354,4.3911,3.4283,13.5769,10.2256,6.1999,15.3085
  Academic year 1996-1997,22.4161,10.3866,6.633,3.5062,0.4719,0.4704,2.5318,9.6154,3.5505,12.5908,10.5185,2.8407,14.4681
  Academic year 1997-1998,31.1978,12.5591,3.3832,2.703,0.3766,0.2332,1.4981,7.6227,8.5149,8.9981,9.831,1.49,11.5924
  Academic year 1998-1999,30.5103,13.7639,4.8552,3.8285,1.7585,0.2462,1.3598,9.0176,5.1779,12.1949,10.0579,1.099,6.1302
  Academic year 1999-2000,28.4561,11.1649,10.7458,3.984,1.2329,0,3.496,7.2828,2.9729,17.1367,2.8033,0,10.7246
  Academic year 2000-2001,25.3192,10.7612,0.7635,2.5592,0,0,0,4.7445,12.6788,11.9069,10.6685,0,20.5981
 ,,,,,,,,,,,,,
Track exit(1st) type 2001,,,,,,,,,,,,,
"  Never left track, same school",23.6246,8.0313,6.0902,5.5921,0.9693,0.6223,2.2494,8.4444,5.0982,13.6184,8.0908,3.4336,14.1353
"  Never left track, transferred",30.4556,16.2937,6.1355,4.2143,0.4121,0.2553,1.2163,4.3388,9.4891,10.609,9.7232,0.1954,6.6616
  Immediate downward transferred,28.2924,10.356,5.2674,8.5396,0.699,0.0721,3.7164,8.3468,5.1668,12.358,10.966,0.3879,5.8316
  Stopped out,27.137,11.3721,4.6652,3.345,0.525,0.354,1.4134,6.9829,4.9596,11.3355,10.8341,2.1944,14.8818
  Left without return,26.5514,11.5511,3.6388,1.8038,0.303,0.4371,2.4585,5.3772,3.5034,14.5065,8.7715,7.1815,13.9164
 ,,,,,,,,,,,,,
Persistence track outcome through 2001,,,,,,,,,,,,,
  Did not start at 4-year inst in 1995-96,23.6084,11.4872,3.003,1.4848,0.1807,0.3065,1.8212,6.3787,3.7264,13.9159,11.0763,5.5899,17.4211
  Still on persistence track,23.7434,8.2024,7.0561,10.7211,1.5215,0.2203,3.1826,10.3216,7.8859,8.5916,9.9084,0.3634,8.2817
"  On track, attained bachelor's degree",29.0619,9.2814,8.4315,8.3515,1.4565,1.0276,1.7145,7.467,7.7965,11.8124,6.9374,0.1828,6.4791
"  Left track, attained AA/certificate",20.4687,5.6653,4.8358,4.7533,0.0653,0.1973,2.7166,12.5994,2.4335,11.4979,11.2008,5.4634,18.1026
"  Left track, downward/delayed transfer",33.4599,9.3573,6.8709,7.2414,0.4622,0.1405,2.9903,7.0563,8.1485,10.5828,7.3438,0.3293,6.0168
"  Left track, stopout",34.7179,12.7457,7.9419,6.2912,1.5325,0.1953,2.4916,6.9023,5.2708,8.9416,5.0768,0.2989,7.5934
"  Left track, left without return",31.1519,12.8418,9.0349,5.3729,1.0122,0.1635,2.832,6.0013,6.9522,11.9555,5.0717,0.824,6.7862
 ,,,,,,,,,,,,,
Gender,,,,,,,,,,,,,
  Male,27.9517,11.3541,3.9637,4.3742,0.7724,0.5429,2.6803,12.4753,2.7196,10.8097,4.5823,7.1242,10.6496
  Female,24.9032,10.4514,6.0131,3.7073,0.4785,0.3554,1.4308,2.2082,7.2616,14.3685,13.1928,0.4921,15.1371
 ,,,,,,,,,,,,,
Race/ethnicity,,,,,,,,,,,,,
"  White, non-Hispanic",26.4109,11.8575,5.3048,3.4827,0.6731,0.4588,1.8049,6.6265,5.7456,12.9317,8.6443,3.4193,12.6398
"  Black, non-Hispanic",19.2472,7.3702,4.8882,4.8118,0.2765,0.2605,2.3877,5.4144,3.1348,12.2621,15.354,4.5352,20.0573
  Hispanic,29.7734,8.4808,4.2923,4.5441,0.108,0.6361,2.1915,7.9317,5.5724,12.6316,8.2684,3.9934,11.5762
  Asian/Pacific Islander,32.1664,9.2731,5.1901,9.5595,1.9783,0,1.6044,8.6468,2.6931,12.9868,8.807,0.2812,6.8133
  American Indian/Alaska Native,35.5118,15.7603,1.7414,0.8772,0.522,0,0.4416,12.4189,4.6382,10.279,2.3492,2.7271,12.7333
  Other,NaN,NaN,NaN,NaN,NaN,NaN,NaN,NaN,NaN,NaN,NaN,NaN,NaN
  Non-resident alien,29.8676,17.2416,6.4047,0,0,1.9815,13.7238,8.8351,0,12.7184,0,0,9.2273
 ,,,,,,,,,,,,,
Socioeconomic diversity index 1995-96,,,,,,,,,,,,,
  Not disadvantaged,30.986,12.9504,5.8739,5.377,0.7015,0.4559,2.1736,6.8443,5.8104,10.2382,6.7754,2.3378,9.4757
  Minimally disadvantaged,23.0998,9.4357,4.4187,2.7592,0.5587,0.3584,1.6172,6.9207,4.7059,15.0456,11.7747,4.4069,14.8984
  Moderately or highly disadvantaged,20.7168,8.0486,4.599,3.3255,0.5,0.6168,2.4576,6.6722,4.413,14.2332,10.7958,4.6243,18.9971
 ,,,,,,,,,,,,,
Cumulative Grade Point Average (GPA) as of 2001,,,,,,,,,,,,,
  Mostly A's,26.7321,11.6647,6.6725,5.2269,0.5996,0.3968,1.9805,6.1535,8.5063,9.8055,10.2471,1.7667,10.2477
  A's and B's,27.6521,12.3499,6.8801,5.1432,0.9979,0.3388,1.3809,5.6561,8.5701,10.4016,10.1857,1.7947,8.6488
  Mostly B's,30.6778,10.6274,5.3258,5.8857,0.6485,0.4845,2.0987,8.1254,5.3237,12.8921,8.431,1.1537,8.3257
  B's and C's,30.8022,12.5885,5.4891,4.9582,1.3522,0.9202,1.3559,9.0492,4.5364,12.0585,7.732,0.8139,8.3436
  Mostly C's,28.1916,12.9338,8.3403,3.4472,0.2824,0,1.5157,8.1061,2.7699,10.4893,9.5341,0.5464,13.8431
  C's and D's,9.2909,6.3225,17.6546,6.569,0,0,7.1563,20.18,3.4132,13.1777,0,0,16.236
  Mostly D's or below,NaN,NaN,NaN,NaN,NaN,NaN,NaN,NaN,NaN,NaN,NaN,NaN,NaN
 ,,,,,,,,,,,,,
Grade point average 1998,,,,,,,,,,,,,
  Mostly A's,21.4415,11.287,7.2836,3.768,0.5065,0.9513,2.4463,7.1874,4.3912,13.4794,9.2522,3.8516,14.1541
  As and Bs,25.6568,10.7771,5.7656,5.501,1.1257,0.4366,1.8657,6.7712,7.8038,11.0843,10.9761,1.8061,10.4301
  Mostly B's,28.0452,11.2806,5.2473,4.6522,0.8336,0.1907,2.0315,7.8932,6.5283,13.4813,8.8551,2.0032,8.9577
  B's and C's,28.9502,10.2268,7.1107,3.9017,0.6258,0.626,1.4197,7.5087,5.4321,13.6185,6.8237,1.5067,12.2494
  Mostly C's,27.7352,12.3215,7.7373,4.5849,0.2538,0.1791,2.0595,8.1298,3.4369,12.7685,9.8265,1.6856,9.2816
  C's and D's,45.2605,3.3174,10.3849,0,0,0,2.811,16.5815,0,8.0207,0,2.9588,10.6652
  Mostly D's or below,NaN,NaN,NaN,NaN,NaN,NaN,NaN,NaN,NaN,NaN,NaN,NaN,NaN
  Pass/fail,20.1231,18.3091,1.4007,1.7617,0,0,3.0926,5.6008,1.1585,13.996,0.5641,2.6986,31.2948
  School does not award grades,0.9507,3.5251,1.2654,1.3427,1.3426,0,4.3269,0,0.3297,3.7114,17.4391,3.4171,62.3493
 ,,,,,,,,,,,,,
Grade point average in high school,,,,,,,,,,,,,
  D- to D,NaN,NaN,NaN,NaN,NaN,NaN,NaN,NaN,NaN,NaN,NaN,NaN,NaN
  D to C-,NaN,NaN,NaN,NaN,NaN,NaN,NaN,NaN,NaN,NaN,NaN,NaN,NaN
  C- to C,21.4746,6.9183,3.0603,2.2053,0,1.1066,0.6541,3.0594,1.7185,31.1927,6.9011,1.055,20.654
  C to B-,27.6628,14.0848,5.2167,3.5047,0.3112,0,1.4413,5.9818,7.1267,12.8022,11.7584,1.6013,8.5082
  B- to B,30.02,14.9556,4.6695,2.2,0.0131,0.3366,2.2947,3.1509,7.6556,15.2956,9.7799,1.6589,7.9697
  B to A-,27.0784,12.2256,6.0811,6.1155,0.5979,0.7035,1.6057,7.5364,7.2613,11.6947,7.4434,0.9075,10.7489
  A- to A,30.3547,8.7077,6.1637,9.3399,2.284,0.7438,1.6838,10.4792,6.5076,8.5226,9.0421,0.0689,6.1019
 ,,,,,,,,,,,,,
ACT composite score,,,,,,,,,,,,,
  7 < X < 10,NaN,NaN,NaN,NaN,NaN,NaN,NaN,NaN,NaN,NaN,NaN,NaN,NaN
  11 < X < 13,28.6726,10.666,5.2423,0.3418,0,0,2.1266,15.3174,8.6341,7.9754,5.1547,0,15.869
  14 < X < 17,20.8145,19.5987,1.8135,3.4528,0,1.7139,1.0437,3.3816,9.4041,17.9419,12.2129,2.2884,6.3342
  18 < X < 21,27.9295,12.0471,6.27,6.5261,0.6347,1.1222,1.758,3.1237,8.0534,9.6882,12.715,0.6335,9.4984
  22 < X < 25,28.6571,13.3202,3.3002,7.4399,1.2562,0.0587,0.4116,5.2027,9.706,11.9641,12.1558,0.5051,6.0224
  26 < X < 29,27.7155,7.6068,7.0147,7.2735,1.7331,0.0948,7.7388,11.8974,5.1986,8.9361,5.731,2.7483,6.3114
  30 < X < 33,23.2553,14.5358,4.7386,14.0292,4.7852,0.6856,3.3873,19.2192,2.8611,3.5704,0.8005,0,8.1317
  34 < X <= 36,NaN,NaN,NaN,NaN,NaN,NaN,NaN,NaN,NaN,NaN,NaN,NaN,NaN
 ,,,,,,,,,,,,,
State location of high school,,,,,,,,,,,,,
  Alabama,9.4022,15.7025,3.2658,3.2272,0,1.1361,0,13.9024,13.7867,12.9521,13.9021,1.6837,11.0392
  Alaska,NaN,NaN,NaN,NaN,NaN,NaN,NaN,NaN,NaN,NaN,NaN,NaN,NaN
  Arizona,44.2018,9.6201,1.791,2.4074,0.4248,0,0.4411,7.5071,1.464,11.2822,3.6968,0,17.1636
  Arkansas,23.619,25.7909,2.7849,3.4812,0,0,1.2368,8.4433,1.4497,7.946,10.3398,9.7287,5.1798
  California,35.98,8.2145,8.1661,10.4437,0.6129,0.3639,0.5902,10.3149,2.484,9.4726,6.339,0.2944,6.7237
  Colorado,31.1392,5.838,5.4203,6.4727,0,0,1.9374,1.0384,5.2434,20.6251,5.7261,1.9522,14.6072
  Connecticut,20.1806,10.9027,9.5403,2.492,0.8506,0,0,4.226,19.1539,12.0584,8.6592,4.6433,7.2929
  Delaware,NaN,NaN,NaN,NaN,NaN,NaN,NaN,NaN,NaN,NaN,NaN,NaN,NaN
  District of Columbia,NaN,NaN,NaN,NaN,NaN,NaN,NaN,NaN,NaN,NaN,NaN,NaN,NaN
  Florida,23.2918,17.7381,2.8435,9.4147,0,0.3605,3.3923,8.3828,0.5348,5.9018,21.2046,1.6036,5.3315
  Georgia,29.1126,6.8792,1.3883,11.2683,2.5427,0.5322,0.7147,11.6325,3.8191,10.6064,14.1309,0.4159,6.9571
  Hawaii,NaN,NaN,NaN,NaN,NaN,NaN,NaN,NaN,NaN,NaN,NaN,NaN,NaN
  Idaho,4.7793,20.0497,3.8049,1.513,0,0.9112,0,10.0957,9.7537,13.2491,22.772,0,13.0714
  Illinois,29.3472,13.5351,7.1232,3.2485,1.1547,0.3246,1.2775,5.5808,10.8068,14.5487,6.1176,1.999,4.9362
  Indiana,25.8001,2.4389,9.5862,4.8192,1.9814,0.9713,1.7625,2.2767,14.9724,11.7609,6.5754,1.1871,15.868
  Iowa,9.9035,22.7236,7.0367,4.5795,0.3084,0,5.1916,5.8572,8.077,12.2256,4.6754,0,19.4215
  Kansas,NaN,NaN,NaN,NaN,NaN,NaN,NaN,NaN,NaN,NaN,NaN,NaN,NaN
  Kentucky,42.5248,13.4379,4.5992,2.5708,0.6534,0.6926,0.9821,1.1926,1.2346,13.9836,17.4549,0,0.6736
  Louisiana,27.1339,7.2588,4.9507,6.3486,0,0,0.8215,1.8025,3.1308,16.0405,21.5214,0,10.9914
  Maine,19.5525,10.1085,0,2.0255,0,0,0,3.4792,5.4665,0,28.0487,1.6394,29.6798
  Maryland,25.0432,11.5295,10.5048,7.8567,2.037,1.3281,0,11.5457,6.191,7.0092,3.2152,1.0919,12.6477
  Massachusetts,20.324,9.3381,7.0297,7.3291,1.1944,0.4132,2.5434,12.7125,2.1873,8.7614,2.7113,0.6486,24.8069
  Michigan,39.541,8.4174,4.8747,4.4757,0.2346,0,1.1745,7.7856,5.2053,13.808,3.8069,0.3476,10.3287
  Minnesota,27.415,22.756,3.2259,6.4659,2.2135,0.5202,2.1018,4.795,3.6582,12.0798,7.36,0,7.4087
  Mississippi,5.8957,29.866,7.1132,1.6739,0.8808,0.1893,2.3934,4.0197,15.5783,13.8244,13.2229,0,5.3424
  Missouri,27.0182,7.3276,8.6749,7.1144,2.3677,0,0.4828,12.7865,11.0689,9.5635,5.5087,1.0855,7.0012
  Montana,9.2405,32.4407,3.6761,0,1.7346,2.4526,3.2218,0.9936,23.8134,11.154,5.8269,2.3515,3.0942
  Nebraska,24.6618,7.5382,1.9953,0,1.4199,0,1.1213,9.4722,12.4269,14.5191,6.1601,8.3549,12.3304
  Nevada,NaN,NaN,NaN,NaN,NaN,NaN,NaN,NaN,NaN,NaN,NaN,NaN,NaN
  New Hampshire,26.6107,5.4645,9.1718,11.9223,1.6512,2.8426,0,9.618,0,12.4087,10.1094,0,10.2009
  New Jersey,32.5767,13.7342,9.9245,3.7271,1.1073,0.5599,2.8989,9.0663,3.4889,6.1321,5.0188,0.8232,10.942
  New Mexico,NaN,NaN,NaN,NaN,NaN,NaN,NaN,NaN,NaN,NaN,NaN,NaN,NaN
  New York,22.4824,15.7773,9.9048,6.029,0.6168,0.6677,3.9479,7.9602,2.9458,10.9299,7.5684,0.5299,10.6399
  North Carolina,51.6288,6.1383,4.2761,5.4861,0.5691,0.5074,0.6915,6.1928,4.7254,9.0524,5.6867,0,5.0454
  North Dakota,33.4939,1.6351,3.7496,1.2334,0,5.2945,4.3922,11.0167,19.8669,16.3036,0,0,3.014
  Ohio,24.0704,3.6196,7.9771,5.2395,1.5227,0.4192,0.8085,6.179,7.3843,17.493,17.3977,0.1426,7.7465
  Oklahoma,39.9715,5.7846,3.2883,6.1126,0,1.7821,0.4014,1.9568,13.3434,5.1887,5.5546,0.2081,16.4079
  Oregon,32.7005,16.798,3.412,3.1236,1.2011,0,0,1.7673,0.6914,9.037,21.4514,0,9.8177
  Pennsylvania,16.5709,20.7109,5.9732,4.1315,0.1151,0.6568,1.7131,3.1214,10.2393,24.7008,5.8734,0.1754,6.0182
  Rhode Island,20.2973,7.3745,14.6259,0,0,0,6.7809,10.028,6.8792,29.0674,2.495,0.5735,1.8783
  South Carolina,40.9692,3.1639,2.2822,2.4652,0.2492,0,0,17.2266,7.9857,8.9206,3.5989,0,13.1385
  South Dakota,NaN,NaN,NaN,NaN,NaN,NaN,NaN,NaN,NaN,NaN,NaN,NaN,NaN
  Tennessee,23.1828,18.4847,3.815,1.1842,0.4211,1.8813,8.7366,9.1847,4.2532,11.6959,2.5298,0.5012,14.1295
  Texas,29.9358,19.5484,2.2275,7.3229,1.639,1.7576,1.0816,3.9566,4.5879,12.3828,8.4518,0.0345,7.0736
  Utah,19.0452,5.4474,7.3273,7.6079,0.6293,0,4.1521,5.4739,14.1348,11.2542,4.7013,3.7426,16.4839
  Vermont,NaN,NaN,NaN,NaN,NaN,NaN,NaN,NaN,NaN,NaN,NaN,NaN,NaN
  Virginia,35.3709,8.8399,9.9574,6.4544,1.6277,0,0.7036,4.5091,7.629,12.706,6.2922,1.3678,4.542
  Washington,39.3846,4.38,7.2253,7.8243,1.3121,0.3825,2.056,5.5466,5.6494,9.7991,5.5824,1.6552,9.2025
  West Virginia,11.6876,4.836,7.9201,4.8183,0,0,0,12.1628,16.0403,16.6304,23.8567,0,2.0478
  Wisconsin,38.153,6.565,3.7738,4.3161,5.0371,0.5414,0.5794,5.5425,7.714,15.8616,5.8044,0,6.1115
  Wyoming,NaN,NaN,NaN,NaN,NaN,NaN,NaN,NaN,NaN,NaN,NaN,NaN,NaN
  Puerto Rico,NaN,NaN,NaN,NaN,NaN,NaN,NaN,NaN,NaN,NaN,NaN,NaN,NaN
  Canada,NaN,NaN,NaN,NaN,NaN,NaN,NaN,NaN,NaN,NaN,NaN,NaN,NaN
  Outlying areas,NaN,NaN,NaN,NaN,NaN,NaN,NaN,NaN,NaN,NaN,NaN,NaN,NaN
 ,,,,,,,,,,,,,
Admissions test scores (ACT/SAT),,,,,,,,,,,,,
  400 < X < 500,21.4983,15.8368,9.7911,2.0795,0,0,2.0715,7.6787,5.0412,5.9262,10.5757,0.0965,19.4045
  501 < X < 600,22.8154,8.3731,5.3359,4.3578,0.1605,0,4.0452,3.2777,8.3542,20.3854,13.9069,0.9879,7.9999
  601 < X < 700,23.7787,12.4821,4.1545,3.741,0,0.0457,1.6975,7.2294,9.0505,12.0512,11.4797,2.0736,12.2161
  701 < X < 800,27.4475,13.4796,5.9198,3.2211,0.3107,0.5826,1.1699,4.2037,7.7963,13.3216,9.859,1.2449,11.4432
  801 < X < 900,29.8648,13.2642,7.4528,4.0326,0.6014,0.2887,1.451,6.038,7.736,10.9628,10.0339,0.4436,7.8303
  901 < X < 1000,26.6625,12.9361,7.5463,7.0311,0.7703,0.4801,0.7728,4.4875,7.4851,12.7127,11.7959,0.5676,6.7522
  1001 < X < 1100,27.7797,11.4627,5.6485,5.9394,1.5628,0.6559,1.1892,7.9928,8.0303,12.2112,8.0989,0,9.4286
  1101 < X < 1200,30.4419,10.037,7.7911,8.2392,2.283,0.3608,4.937,11.3355,4.2926,6.7669,5.9228,1.4619,6.1303
  1201 < X < 1300,40.002,8.4414,7.3212,9.3633,3.4992,0.4712,2.1168,16.3515,1.5334,3.7887,3.2728,0.0822,3.7564
  1301 < X < 1400,39.7311,7.2292,5.8386,16.0382,3.1923,1.65,1.3991,11.2364,1.2532,4.8919,2.2646,0.1753,5.1001
  1401 < X < 1500,49.9757,9.0104,5.8153,5.2914,2.8082,1.9845,1.8284,12.4349,0.9631,2.2162,0,0,7.6721
  1501 < X < 1600,NaN,NaN,NaN,NaN,NaN,NaN,NaN,NaN,NaN,NaN,NaN,NaN,NaN
 ,,,,,,,,,,,,,
Tuition and fees 1995-96,,,,,,,,,,,,,
  0 < X < 3000,27.6239,12.3641,4.4091,3.0496,0.3947,0.434,1.8077,6.1242,5.2098,12.565,10.779,3.5506,11.6883
  3001 < X < 6000,21.284,7.2385,5.9509,6.2699,0.968,0.1797,2.6764,9.8225,6.4718,15.526,6.1172,5.3587,12.1363
  6001 < X < 9000,13.0478,5.3353,5.1369,3.0719,0.6689,0.2921,2.5585,8.1546,3.8389,16.7817,7.0077,2.9946,31.1112
  9001 < X < 12000,19.309,7.028,6.2822,7.5117,1.3767,1.0656,3.315,9.5913,7.2041,11.7952,7.1417,2.355,16.0245
  12001 < X < 15000,25.1925,9.4066,10.5152,8.7314,1.5711,0.7985,2.168,4.861,6.0924,11.8284,7.5417,2.0808,9.2123
  15001 < X < 18000,37.6437,13.248,6.2623,6.9092,0.7099,0.4375,0.9434,7.5459,2.8971,8.516,5.765,0,9.1219
  18001 < X < 21000,55.2748,12.5127,8.5458,3.9512,1.2955,0.8602,0.8773,3.6947,1.877,3.7727,3.396,0.0437,3.8985
  21001 < X < 24000,65.5659,4.9627,7.6903,6.6939,0.3523,2.1599,0,8.1391,0,1.7957,1.5025,0,1.1377
  24001 < X < 27000,NaN,NaN,NaN,NaN,NaN,NaN,NaN,NaN,NaN,NaN,NaN,NaN,NaN
  27001 < X < 30000,NaN,NaN,NaN,NaN,NaN,NaN,NaN,NaN,NaN,NaN,NaN,NaN,NaN
  30001 < X < 33000,NaN,NaN,NaN,NaN,NaN,NaN,NaN,NaN,NaN,NaN,NaN,NaN,NaN
  33001 < X < 36000,NaN,NaN,NaN,NaN,NaN,NaN,NaN,NaN,NaN,NaN,NaN,NaN,NaN
 ,,,,,,,,,,,,,
First institution-state location,,,,,,,,,,,,,
  Alabama,9.0301,13.641,1.0772,3.4049,0,0.5094,2.0323,6.5727,11.5156,14.7074,12.1425,11.0419,14.3251
  Alaska,NaN,NaN,NaN,NaN,NaN,NaN,NaN,NaN,NaN,NaN,NaN,NaN,NaN
  Arizona,28.5902,8.0238,10.7501,1.4,0,1.7373,0,3.6283,4.0139,10.2208,6.0341,8.6874,16.9142
  Arkansas,13.3617,35.9178,1.8924,1.1059,0.2838,0,1.4015,3.7219,0.5962,7.618,13.2966,6.9663,13.8379
  California,37.1716,7.0361,5.3281,4.9734,0.3909,0.0961,1.0191,7.438,4.5249,11.5353,5.6761,3.1399,11.6706
  Colorado,30.5781,20.5142,3.678,3.4064,0,0,2.6814,0.5857,1.9687,19.8787,4.3852,2.8735,9.4499
  Connecticut,20.5686,6.5804,2.2654,2.8878,0.5932,0,1.766,12.0927,15.621,8.1435,4.8225,17.0413,7.6175
  Delaware,18.265,2.4667,3.1491,2.4867,0,0,7.6999,13.2311,4.3749,3.8473,18.714,4.0042,21.7612
  District of Columbia,36.9937,8.4393,13.5859,0.7868,0.8907,0,2.2584,5.6121,3.2048,14.7096,0,2.034,11.4846
  Florida,18.5905,10.0315,4.2971,3.5367,0,0.0539,1.5788,8.2599,0.5733,9.256,17.6296,6.1241,20.0686
  Georgia,25.6854,10.8276,10.0038,8.9359,1.9634,0.8604,1.1522,9.4356,4.9074,8.1751,11.0006,0,7.0527
  Hawaii,NaN,NaN,NaN,NaN,NaN,NaN,NaN,NaN,NaN,NaN,NaN,NaN,NaN
  Idaho,4.4474,18.9471,9.5666,5.7565,0,0,0,7.0386,18.1742,6.0448,23.4176,0,6.6073
  Illinois,22.6307,14.3183,1.8015,2.7444,0.6545,0.1536,3.4532,7.9652,10.0931,17.1578,9.8028,0.6584,8.5666
  Indiana,22.9371,4.3986,6.3607,3.2799,1.3111,0.4779,1.2401,15.7749,9.4843,12.498,4.0797,0.43,17.7277
  Iowa,2.7838,32.212,3.0007,1.9441,1.4559,0.2982,4.2991,3.763,2.6459,19.3551,5.1852,0,23.057
  Kansas,19.1782,3.9916,6.7723,0.5915,0,0,0,14.3955,14.2926,13.5325,6.7518,5.1822,15.3119
  Kentucky,25.2195,3.8379,1.8178,4.9353,0.3705,0.8107,6.2622,3.4022,4.0752,18.7223,24.8791,2.5115,3.1556
  Louisiana,20.7185,8.0836,2.044,3.7139,1.1135,0,0,3.4282,1.4235,10.753,31.7401,1.265,15.7167
  Maine,30.9242,15.7042,0,1.7772,0,0,4.5102,0,6.8659,4.0719,32.6089,0,3.5374
  Maryland,29.3782,2.0049,3.8735,7.5585,0.1793,0,4.7589,6.7575,5.5141,23.1774,1.331,0,15.4665
  Massachusetts,27.1284,13.7164,4.9692,3.8755,0.0368,0.3699,1.5217,8.8567,0.7865,3.3582,2.6111,10.6452,22.1246
  Michigan,37.0453,6.6021,5.9056,4.9948,0.1523,0,1.706,7.9216,3.481,11.9706,3.7079,1.323,15.1897
  Minnesota,25.736,14.0892,3.1473,6.3577,1.757,0.3997,1.96,5.2531,2.2767,14.9859,5.9241,0,18.1133
  Mississippi,3.7667,25.1935,6.2552,4.4784,0.7363,0,3.3242,5.1881,13.9366,17.2519,15.3628,0,4.5062
  Missouri,31.5198,9.6414,10.7038,3.5767,1.5028,0,2.2089,9.6255,7.5366,10.8007,6.0734,2.8995,3.9109
  Montana,3.9094,24.6806,6.2561,1.7113,0.9333,1.3196,0.8102,3.9861,21.7871,14.22,8.4576,1.2652,10.6635
  Nebraska,27.3242,10.039,1.0231,0,0,0,1.5047,9.3281,6.7953,12.2448,10.5828,10.0849,11.0731
  Nevada,NaN,NaN,NaN,NaN,NaN,NaN,NaN,NaN,NaN,NaN,NaN,NaN,NaN
  New Hampshire,12.7718,9.9765,11.1724,5.4987,0,1.4535,0,10.3587,0.2165,23.2892,1.2659,0,23.9967
  New Jersey,26.43,17.6205,7.2105,3.7378,0.7465,2.3184,5.7146,5.7784,1.6317,13.4121,2.3951,4.5208,8.4835
  New Mexico,NaN,NaN,NaN,NaN,NaN,NaN,NaN,NaN,NaN,NaN,NaN,NaN,NaN
  New York,19.4096,18.5604,6.5147,5.904,0.4763,0.5173,2.4791,6.2841,3.2955,13.6069,7.369,3.1112,12.4719
  North Carolina,42.6071,4.2385,2.1785,4.2078,0,0.0987,0.6495,5.5411,6.8764,8.4505,9.9664,2.948,12.2375
  North Dakota,29.6255,3.0475,0,2.381,0,3.5637,6.0966,6.9856,14.6768,16.9577,3.7698,4.9007,7.9952
  Ohio,13.6473,4.7543,5.4516,2.8584,0.9623,0.2649,1.766,12.7784,5.5903,22.3211,19.382,0.273,9.9504
  Oklahoma,44.6208,16.2144,6.5105,3.8476,0.1236,0.9294,1.7905,1.8354,7.9035,3.4635,5.8148,0.1086,6.8375
  Oregon,22.7243,9.956,8.5803,4.3376,0,0,1.8627,1.4198,2.6289,6.2659,22.7766,5.0677,14.3803
  Pennsylvania,11.7393,17.3192,6.2515,5.0573,0,0.5929,3.0596,3.2954,7.2671,20.1977,12.3705,1.8421,11.0075
  Rhode Island,11.2445,4.1753,8.8096,3.2593,0.4585,0.9937,1.5556,2.8793,2.4472,48.1844,0,0.564,15.4287
  South Carolina,22.3194,6.0336,2.2184,3.131,0.9494,0,0.4139,7.4948,3.8305,6.9196,13.5158,13.7492,19.4244
  South Dakota,41.6277,1.4479,5.3304,2.7793,1.7934,0,0,2.7429,14.4752,20.7352,3.5444,0,5.5235
  Tennessee,32.3356,9.4391,6.0653,0.6661,1.5361,0.3161,6.5682,4.9863,5.1932,8.9804,3.9238,0,19.9897
  Texas,28.3112,14.0783,1.7987,5.4473,1.0943,1.1445,0.5108,3.6995,3.2987,12.0968,8.4157,1.9346,18.1696
  Utah,21.026,4.4948,4.9045,7.5268,0.9665,0.9154,5.5529,6.022,11.6334,10.4462,4.1151,7.3461,15.0502
  Vermont,26.7895,3.1856,22.0761,11.8394,0,0,0,7.0762,6.6242,2.6302,9.1346,0,10.6442
  Virginia,35.3362,5.6556,12.5355,3.4907,1.7383,0,2.3525,7.1359,4.98,11.149,10.8864,0.6065,4.1334
  Washington,43.8679,4.0503,5.9922,3.8349,0.9897,0.6079,1.3944,4.1878,1.2532,20.9386,7.2758,2.0441,3.5632
  West Virginia,9.8351,8.6604,7.432,1.4786,0,0,0,9.1446,11.6288,16.2609,12.5631,7.3061,15.6905
  Wisconsin,44.245,6.1556,1.4583,1.3447,2.0849,0.1665,1.9226,3.1294,3.325,10.5158,11.4858,0.5725,13.5939
  Wyoming,NaN,NaN,NaN,NaN,NaN,NaN,NaN,NaN,NaN,NaN,NaN,NaN,NaN
  Puerto Rico,22.1334,1.94,3.8144,6.0124,0,0,4.8234,17.3655,7.1231,20.2527,11.1015,2.2139,3.2197
 ,,,,,,,,,,,,,
Major when last enrolled 1998 (12 cat),,,,,,,,,,,,,
  {Not reached},6.5127,3.899,1.2621,2.8947,0,3.3076,0.1211,4.2325,1.726,2.6496,1.9579,0.3699,5.8857
  Undeclared/no major,7.2459,3.8022,5.3152,0.3355,0.9072,0,0.076,4.4192,0.6745,3.2981,2.6378,0.0307,2.1334
  Humanities,3.0825,2.7547,0.9039,0.587,0.2219,0.2823,0.1931,0.6839,1.4675,0.8962,0.7425,0.104,1.987
  Social/behavioral sciences,3.1367,1.8751,2.1845,0.6509,0.116,0.1446,0.638,0.3682,1.1995,1.0275,1.2397,0.026,1.2805
  Life sciences,4.3133,3.4704,0.7625,4.2173,0.8777,0.1425,0,0.497,0.4323,1.2949,3.7303,0,1.3462
  Physical sciences,8.3528,1.8787,2.9203,6.0216,5.9331,0.4492,0,2.3387,1.9164,1.1194,1.1818,0.6752,0.4457
  Mathematics,8.5394,8.1544,11.4707,3.6564,3.1694,3.8554,0,4.2508,2.4866,9.9141,6.2903,0,4.2317
  Computer/information science,6.162,2.4494,0.6873,1.206,0.1785,2.3097,3.8801,2.5009,0.4172,3.9253,0.7435,0.5968,2.0498
  Engineering,4.5683,3.0188,0.0546,0.459,0.4296,0.0713,0.3379,5.7103,0.487,0.5114,0.3514,1.0247,1.5757
  Education,3.8523,2.3101,1.7669,0.5201,0.1094,0.4415,0.7309,0.258,2.5808,0.6137,0.69,0,4.0535
  Business/management,2.9519,1.0909,0.578,0.4677,0.1424,0.1792,0.5785,1.2539,0.3659,3.3567,1.3562,0.2693,1.4667
  Health,4.0163,2.0693,1.0867,1.084,0.2091,0.0593,0,0.7307,1.5172,1.3514,3.492,0.1195,1.0701
  Vocational/technical,3.9233,3.1551,0.5841,0.7036,0,0,0.4037,3.1268,0.6401,2.9445,0.44,5.3972,4.3908
  Other technical/professional,2.9249,1.3115,0.59,0.8167,0.0677,0.1345,0.4068,0.321,0.5356,1.5701,1.1998,0.1959,3.2
  Uncodeable,7.8587,12.748,3.1198,1.6397,2.2606,0,1.0695,3.1226,3.1572,8.9976,3.2236,8.8476,6.1374
 ,,,,,,,,,,,,,
Major when last enrolled,,,,,,,,,,,,,
  Undeclared or no major,0,0,0,0,0,0,0,0,0,0,0,0,0
  Humanities,3.5385,3.5632,0.7796,0.3764,0.1952,0.0939,0.4641,0.5085,0.441,1.4317,1.2553,0.2532,1.9352
  Social/behavioral sciences,2.8691,1.6811,3.1814,0.5761,0.0999,0.2121,0.4482,0.5242,1.7317,0.9547,1.1338,0.0201,1.384
  Life sciences,3.9999,3.5493,0.581,3.6726,0.6701,0.0915,0.2147,0.4516,0.4753,1.9581,1.9032,0,0.6016
  Physical sciences,7.1548,1.7101,2.9512,3.6123,7.2274,0.9408,0,2.3565,0,1.0147,4.3877,0,0.5223
  Mathematics,4.4972,2.2927,0.7142,3.8871,2.3623,8.6268,0,5.0536,1.4064,10.3613,3.0137,0,6.5515
  Computer/information science,4.5197,2.5427,0.4849,0.745,0.2875,0.3807,3.3959,2.0321,0.4783,2.7905,0.5205,1.2625,1.4369
  Engineering,2.8989,3.3099,1.4468,0.4757,0.2843,1.1349,0.2778,3.8548,0.4208,0.8,0.3147,0.6685,0.8201
  Education,3.8421,3.0208,0.9021,0.4814,0.092,0.1615,0,1.6207,3.745,2.0124,0.9748,0,3.6092
  Business/management,2.0222,0.8988,0.4182,0.4201,0.1337,0.0889,0.4984,0.9294,0.4628,3.6281,0.8201,0.3815,1.2599
  Health,3.6296,1.0303,1.1337,0.8759,0.1179,0,0.0453,0.6623,1.4357,0.7429,4.2651,0.3925,0.9702
  Vocational/technical,2.5678,1.5224,1.5107,0.4775,0,0.0429,0.2696,2.2296,0.542,1.5373,0.5681,6.5228,4.3944
  Other technical/professional,2.4832,1.1444,0.8592,0.5456,0.0505,0.1762,0.4004,0.3393,0.3993,0.9691,1.627,0.0099,3.2607
 ,,,,,,,,,,,,,
Time of entry to STEM field,,,,,,,,,,,,,
  Early entry (beginning PSE with a STEM major),0,0,1.8839,1.9089,0.6216,0.7229,1.6328,2.5863,0,0.6632,0,0,0.9335
  Late entry,3.1487,1.7644,0.7883,0.4446,0,0,0,0.6842,0.9352,1.1559,0.9012,0.53,1.1097
  Non-STEM major/no major/not in a degree program,2.2681,1.1705,0.4894,0.1318,0,0,0,0.2796,0.5836,1.2267,0.8777,1.0224,0.9469
 ,,,,,,,,,,,,,
Major field of study with a focus on STEM fields thru 2001,,,,,,,,,,,,,
  Math/Computer/Sciences/Engineering/Technologies,2.139,1.2249,0.4396,1.5216,0.4598,0.545,1.099,2.7389,0.2352,0.9337,0.857,0.3826,0.7464
  Social/behavioral sciences,3.0769,1.8541,3.5007,0.233,0,0,0,0,1.3487,0.9571,1.0927,0.0221,1.3085
  Both areas,7.3753,2.9697,3.8788,5.9125,1.1978,2.1071,3.981,2.9515,1.7968,0.354,0,0,2.5349
  Non-STEM field,2.1345,1.2442,0.5326,0.1402,0,0,0,0.3007,0.6183,1.2805,0.8997,1.0989,0.9686
  Undeclared or not in a degree program,0,0,0,0,0,0,0,0,0,0,0,0,0
 ,,,,,,,,,,,,,
Ever majored in biological/agricultural sciences thru 2001,,,,,,,,,,,,,
  No,2.167,0.8964,0.5407,0.115,0.0981,0.1332,0.2812,0.6965,0.4749,0.981,0.6794,0.8008,0.6467
  Yes,2.3227,2.5391,0.3809,3.4272,0.5231,0.091,0.1861,0.3376,0.6149,1.0322,2.3464,0,2.1835
 ,,,,,,,,,,,,,
Ever majored in computer/information sciences thru 2001,,,,,,,,,,,,,
  No,1.9765,0.9722,0.529,0.4163,0.1086,0.098,0,0.6676,0.4663,0.8962,0.641,0.7675,0.6857
  Yes,3.996,2.1214,0.4268,0.5918,0.227,1.259,4.003,1.5719,0.3808,2.7418,0.3764,1.2761,1.4213
 ,,,,,,,,,,,,,
Ever majored in engineering/related technologies thru 2001,,,,,,,,,,,,,
  No,2.0903,0.9633,0.5559,0.4213,0.1087,0.1034,0.2858,0.2582,0.4669,1.0578,0.6981,0.833,0.7297
  Yes,3.0495,1.5907,1.1073,0.4078,0.2938,0.8614,0.2624,3.7772,0.327,0.3899,0.2451,0.1938,1.0072
 ,,,,,,,,,,,,,
Ever majored in math thru 2001,,,,,,,,,,,,,
  No,2.0608,0.9648,0.5089,0.4115,0.1026,0,0.2681,0.668,0.4463,0.9383,0.6166,0.7662,0.6372
  Yes,5.1791,5.7691,6.7347,2.1257,1.5361,8.4318,0,3.0204,1.4218,5.9783,3.7887,0,3.6859
 ,,,,,,,,,,,,,
Ever majored in physical science thru 2001,,,,,,,,,,,,,
  No,2.0432,0.943,0.5149,0.3982,0,0.1228,0.2708,0.6662,0.4499,0.9443,0.6167,0.7693,0.6363
  Yes,5.2431,1.2576,1.9258,3.8341,6.0839,0.6071,0,1.6467,1.2112,0.6432,2.915,0.4012,0.2675
 ,,,,,,,,,,,,,
Ever majored in science/related technologies thru 2001,,,,,,,,,,,,,
  No,2.1757,0.9112,0.5456,0.1167,0,0.1335,0.2861,0.7028,0.4845,0.9899,0.6843,0.8089,0.6485
  Yes,2.2228,2.1329,0.4416,3.1129,1.1521,0.1291,0.1581,0.35,0.5442,0.8898,2.1075,0.0703,1.8709
 ,,,,,,,,,,,,,
Ever majored in social/behavioral sciences thru 2001,,,,,,,,,,,,,
  No,2.0608,1.0052,0.4185,0.4266,0.1154,0.134,0.2751,0.7317,0.4538,1.0291,0.6415,0.8458,0.7277
  Yes,2.9191,1.6855,3.2451,0.6449,0.1021,0.1913,0.3776,0.3049,1.2693,0.8849,0.9849,0.0201,1.305
 ,,,,,,,,,,,,,
Persistence and attainment 5-year total,,,,,,,,,,,,,
"  Attained, still enrolled",2.4523,2.1496,1.0354,0.7446,0.204,0.1434,0.4273,1.8473,1.5701,1.3827,2.0418,0.329,1.4193
"  Attained, not enrolled",2.2027,0.9188,0.5386,0.6741,0.1542,0.0969,0.4009,0.7873,0.5915,1.6144,0.9898,0.8659,1.3909
"  Never attained, still enrolled",3.2677,1.4472,0.904,0.8003,0.2404,0.1764,0.5713,1.6373,0.9523,1.5496,0.9866,0.5185,1.5323
"  Never attained, not enrolled",2.8573,1.4185,0.9201,0.4414,0.1676,0.2902,0.4712,0.8796,0.609,1.3937,1.4119,1.3937,1.2373
 ,,,,,,,,,,,,,
Persistence at any institution through 2001,,,,,,,,,,,,,
"  Attained, still enrolled",4.2176,2.1638,1.3856,0.8822,0.1437,0.0624,0.3413,3.8564,1.3235,2.3581,3.3134,1.1335,2.6813
"  Attained, not enrolled",1.8672,1.0823,0.6181,0.5962,0.1361,0.0996,0.3393,0.6925,0.7153,1.2791,0.8473,0.6874,1.1228
"  Never attained, still enrolled",2.6866,1.6823,1.1734,1.2708,0.3395,0.2091,0.5602,1.9661,0.9123,1.5314,1.1694,0.4906,1.253
"  Never attained, not enrolled",2.7806,1.4311,0.985,0.3998,0.1551,0.2775,0.487,0.8247,0.6378,1.438,1.4201,1.4752,1.2103
 ,,,,,,,,,,,,,
Persistence and attainment 95-96 (F98),,,,,,,,,,,,,
  Enrll at least one month and attained,9.1267,0.132,0.2845,0,0,0,1.3711,4.6977,1.5728,4.6057,2.4641,2.6049,6.2304
"  Enrll 8 mos, no degree, enrolled f",2.1006,0.8861,0.6816,0.5857,0.144,0.1965,0.2493,0.8394,0.6154,0.7383,0.6844,0.4762,0.8223
"  Enrolled 8 months, no degree, no fall",2.4865,2.0589,1.3114,1.4934,0.1596,0.1594,0.2802,1.4143,1.2181,2.7559,3.9436,0.8417,1.9572
"  Enrolled <8 months, no degree, enr fall",2.8988,2.4923,1.475,0.5837,0.1575,0.0155,0.612,1.1824,1.2804,2.1938,1.4793,0.7502,2.3281
"  Enrolled <8 months, no degree, no fall",3.5279,2.3451,0.5278,0.4656,0.1422,0.5271,0.8568,1.0406,0.5878,2.3003,1.6843,2.7132,2.7911
 ,,,,,,,,,,,,,
Persistence and attainment 96-97 (F98),,,,,,,,,,,,,
  Did not enroll during academic year,2.6307,1.9791,0.5166,0.6935,0.0995,0.3985,0.603,0.9859,0.6095,1.9119,1.5446,2.2218,1.4813
  Enrll at least one month and attained,2.7637,1.4224,0.5212,1.1857,0.1732,0,1.0964,2.1129,0.8263,4.1983,3.053,2.2243,3.71
"  Enrll 8 mos, no degree, enrolled fall",2.1202,1.1208,0.6844,0.6422,0.1665,0.1175,0.3101,0.7342,0.6119,0.7798,0.7566,0.3959,0.6843
"  Enrolled 8 months, no degree, no fall",4.5704,1.6652,1.7886,0.7547,0.4782,0.0693,1.0114,1.7204,1.7626,2.5858,3.0218,1.2943,2.9416
"  Enrolled <8 months, no degree, enr fall",4.0814,2.9997,5.3728,2.4823,0.2566,0,0.2496,3.5695,1.3613,2.5254,4.4237,0.9746,3.2052
"  Enrolled <8 months, no degree, no fall",5.0846,2.0946,1.9127,0.8618,0.1469,1.1938,0.3255,3.1196,1.3119,2.484,3.0439,1.1305,2.096
 ,,,,,,,,,,,,,
Persistence and attainment 97-98 (F98),,,,,,,,,,,,,
  Did not enroll during academic year,2.7252,1.0849,0.5991,0.4343,0.1253,0.1952,0.4665,1.2288,0.4329,1.9039,1.0553,1.7889,1.4365
  Enrll at least one month and attained,2.8079,4.8798,1.9741,1.1372,0.467,0,0.6371,3.1033,3.2505,3.1946,2.3126,2.6574,4.4874
"  Enrolled 8 months, no degree",2.0491,1.0042,0.5629,0.6998,0.1664,0.1135,0.2688,0.7844,0.6271,0.8053,0.9801,0.2285,0.6959
"  Enrolled <8 months, no degree",3.52,2.6526,2.2856,0.4062,0.1946,0.7381,0.6805,1.4474,1.1716,1.7148,3.9121,0.9943,1.5691
 ,,,,,,,,,,,,,
Track exit(1st) month-intensity thru 01,,,,,,,,,,,,,
  Never left persistence track,1.8974,1.1478,0.5843,0.6395,0.1478,0.1012,0.3273,0.8015,0.6769,1.1917,0.7296,0.6506,1.1938
  Full-time,2.4973,1.0793,0.649,0.7254,0.1269,0.4838,0.3964,1.0441,0.451,1.1535,1.0439,1.5408,1.7738
  Part-time,2.695,2.1767,1.0295,0.544,0.2288,0.3519,0.937,1.6602,1.1174,2.7141,1.8574,1.7526,2.1843
  Mixed,3.9097,1.0805,2.0841,0.6493,0.3934,0,0.5106,1.5828,1.5766,1.3925,2.1407,0.6849,2.1004
  Intensity unknown,NaN,NaN,NaN,NaN,NaN,NaN,NaN,NaN,NaN,NaN,NaN,NaN,NaN
 ,,,,,,,,,,,,,
Track exit(1st) year 2001,,,,,,,,,,,,,
  Never left persistence track,1.8974,1.1478,0.5843,0.6395,0.1478,0.1012,0.3273,0.8015,0.6769,1.1917,0.7296,0.6506,1.1938
  Academic year 1995-1996,2.8248,1.3908,0.6135,0.711,0.1057,0.3077,0.4626,0.8651,0.4856,1.555,1.7839,1.6222,1.42
  Academic year 1996-1997,2.7723,1.3924,1.7091,0.6844,0.3112,0.663,0.8734,2.032,0.7338,1.8117,1.8441,0.7852,2.0271
  Academic year 1997-1998,4.7372,1.6021,1.0306,0.9503,0.1877,0.3139,0.71,1.621,2.0179,2.1327,2.7395,0.9978,2.9583
  Academic year 1998-1999,5.2448,3.4345,1.5655,1.0469,1.265,0.3574,0.9322,3.0197,1.7339,3.1244,4.7834,0.7657,2.5045
